2022-12-17-16-38-40-100 0.9997715256641106 -0.021374372232645038 0.00018078417155939735 -0.018179314331092072 0.021374292273909204 0.9997714498556334 0.0004332243694200358 -0.1467543822338919 -0.00019000275224311748 -0.00042926125504853016 0.9999998898168584 0.0024489708595842818
2022-12-17-16-38-40-200 0.9991265017524237 -0.04178653043500495 0.0003454998826035378 -0.03254385949922485 0.041786324016508655 0.999126399143373 0.0005845168813501621 -0.2944116284681066 -0.00036962298606244795 -0.0005695691368364916 0.9999997694848968 0.004799011093316018
2022-12-17-16-38-40-300 0.9981206996814376 -0.06127840652325063 0.0001605036088814895 -0.043147092384232484 0.06127829884444388 0.9981205348213166 0.0006066784486496581 -0.44313375490745666 -0.00019737823654279239 -0.0005957029295371941 0.9999998030899062 0.007190044591140163
2022-12-17-16-38-40-400 0.9968791909566501 -0.07894125508733622 -0.0003960843991380065 -0.05061305480095698 0.07894144960093223 0.9968791277670753 0.0005021526245991545 -0.5930316458324587 0.00035520771190359187 -0.0005318529787794306 0.9999997954799243 0.009467860871269197
2022-12-17-16-38-40-500 0.9955189767561801 -0.09455626806500043 -0.0010387915805742745 -0.05524626653949406 0.09455671158082256 0.995519401627107 0.0003863664430770901 -0.7441156944934598 0.0009976038037456552 -0.0004828598419419813 0.9999993858163233 0.011791838185303218
2022-12-17-16-38-40-600 0.9941173843799449 -0.10829894798309725 -0.0014014061977010185 -0.057129476343381815 0.10829915310891597 0.9941183472709753 7.109934072229106e-05 -0.8963031720276003 0.0013854636293113216 -0.0002224521950025904 0.9999990155022918 0.014029035206138189
2022-12-17-16-38-40-700 0.9927201208050707 -0.12044055671181576 -0.0009132621278268401 -0.05673493539461724 0.12044031831078066 0.9927205208144184 -0.00031189605294971485 -1.0495257096117157 0.0009441789894298198 0.00019963190598621742 0.9999995343364606 0.016262955919390813
2022-12-17-16-38-40-800 0.9912491473730333 -0.13200404620028128 0.0002441699990551831 -0.05374257828396728 0.13200416895809294 0.991248989115469 -0.0005839137301510247 -1.2037762314333862 -0.0001649542897239469 0.0006110354449613903 0.9999997997128637 0.018756206456153692
2022-12-17-16-38-40-900 0.9896678899172361 -0.14337045279219035 0.0015430271960908822 -0.04864452992627971 0.14337179944602435 0.9896685742788333 -0.0008001303083888952 -1.3590333424828231 -0.00141237048062226 0.0010130898596597718 0.99999848942814 0.021723942992650774
2022-12-17-16-38-41-000 0.9879680331507738 -0.1546346448882226 0.002700383766259472 -0.04254909363926439 0.15463779049986287 0.9879707286809946 -0.0009965033194245174 -1.5151068855408538 -0.00251380618034055 0.00140209480363612 0.9999958574457442 0.024481946204811842
2022-12-17-16-38-41-100 0.9860473598220606 -0.1664275452728815 0.0035321894607787526 -0.03446121780545485 0.16643310138855152 0.9860518378982496 -0.0013400521155830635 -1.671250396438672 -0.003259900325471496 0.001909228097244009 0.9999928639235086 0.025632172241889618
2022-12-17-16-38-41-200 0.983823975297564 -0.1790856933747543 0.004324356389275931 -0.02331515471807734 0.17909311032344571 0.9838311463473958 -0.0013904357026971433 -1.8279169655855314 -0.004005429361765495 0.0021424064163256457 0.9999896832619699 0.026828476451593683
2022-12-17-16-38-41-300 0.9813204140074034 -0.19231487902921882 0.005023181891489565 -0.00965217939053121 0.19232348287758635 0.981330742231431 -0.0012854125188217686 -1.9852221564100845 -0.00468219886087909 0.002227477381639375 0.9999865575888215 0.028122624790719888
2022-12-17-16-38-41-400 0.9785031523019484 -0.2061526035256245 0.005717079215512264 0.006608743933657552 0.20616262836711083 0.9785169848070622 -0.0012170081593850933 -2.1430669446268618 -0.005343369715297024 0.0023694943979884944 0.9999829168022739 0.02916297956961828
2022-12-17-16-38-41-500 0.9752844804125849 -0.22085984293494135 0.006411867521085589 0.02655531725963024 0.220870631875173 0.9753025831266523 -0.0010175075141392127 -2.301490785930566 -0.006028784406222737 0.0024085525181252367 0.9999789260946207 0.030510147491829547
2022-12-17-16-38-41-600 0.9716692108930559 -0.23625022160437176 0.006691591316813306 0.04994715628292746 0.23626004944927465 0.9716896053416256 -0.0007070397882146536 -2.460474340121273 -0.006335111419092939 0.0022679644884891744 0.9999773610939332 0.03208454461847456
2022-12-17-16-38-41-700 0.9677273614013768 -0.2519123043474306 0.0066290959788052085 0.07593962325155212 0.25191918239251987 0.9677482530977751 -0.00021016395731677539 -2.6201033438763157 -0.006362353166327792 0.0018733778508579848 0.9999780052169222 0.03416026062357245
2022-12-17-16-38-41-800 0.9635692010067801 -0.26738578314505956 0.006264011738388536 0.10402073972568467 0.2673898704293857 0.9635884083219686 0.0001911525347332485 -2.780619445216888 -0.0060870405709037454 0.001490744591932522 0.9999803626160113 0.03608975237269524
2022-12-17-16-38-41-900 0.9592534546432679 -0.2824714991454582 0.006531609715344037 0.1341664829467908 0.28247374535328534 0.9592748453538384 0.0005951953092898066 -2.942309554261637 -0.0064337346108977065 0.001274065102855417 0.999978491677231 0.0382402011998888
2022-12-17-16-38-42-000 0.9545921556122563 -0.29782708996241153 0.007269176574224327 0.1682734051474018 0.2978281831783735 0.9546190119042439 0.0009567735543541783 -3.1053002384999564 -0.007224247242089799 0.0012516371226202606 0.9999731214669213 0.04062808726546021
2022-12-17-16-38-42-100 0.949426298700163 -0.31388769859164856 0.008013489211788441 0.2076160577332309 0.3138894179604503 0.9494589396201847 0.0010748338308551471 -3.269162492620032 -0.007945856087218007 0.0014948739587740958 0.9999673138272512 0.04268573385069542
2022-12-17-16-38-42-200 0.9439670119736528 -0.3299402552873999 0.00810606232513356 0.2493272139615187 0.329939839550695 0.9440008823340731 0.0014270353020723805 -3.434142656198756 -0.008122966379050953 0.001327438652864308 0.9999661270882265 0.045990312215917706
2022-12-17-16-38-42-300 0.9383323860267367 -0.34563850587942535 0.008145955242311662 0.29226276266709783 0.3456340732369529 0.9383672655694358 0.001990559060243709 -3.600478119359766 -0.008331911605626397 0.0009477136582804721 0.9999648399257937 0.04999364484747319
2022-12-17-16-38-42-400 0.9323061798960975 -0.36156856578057534 0.00856499660966372 0.33951948454460024 0.3615638346042162 0.9323448806419133 0.002148731512203105 -3.7680416905269114 -0.008762444512850107 0.0010935173497976809 0.9999610111329165 0.0522372637651678
2022-12-17-16-38-42-500 0.9256657903225458 -0.37822232713442167 0.009524488624549856 0.3934763460951632 0.378215823934284 0.9257139494794255 0.002544457685685505 -3.936328003827122 -0.009779322688578949 0.0012469948781244939 0.9999514037449653 0.055399466555019865
2022-12-17-16-38-42-600 0.918519480106082 -0.3952318680418702 0.010664668292383014 0.4522151710943323 0.39521954075686044 0.9185806615250969 0.003329095380345129 -4.105139442350121 -0.01111212264102628 0.0011570463468616923 0.9999375890395168 0.05976856164574774
2022-12-17-16-38-42-700 0.9111023262529555 -0.41202858310391693 0.011180241581997753 0.5128805630190916 0.41200949988826924 0.9111704749747878 0.00406663694450552 -4.274821273629501 -0.011862676690844415 0.0009012433626637353 0.9999292298268563 0.06416269293869752
2022-12-17-16-38-42-800 0.90338371160098 -0.4286896285912903 0.011093779892321179 0.5761068549377071 0.42866554898301873 0.903451617870854 0.004584897122470156 -4.4450892463355585 -0.011988191236581718 0.0006135998680328874 0.9999279507874939 0.06768630289705473
2022-12-17-16-38-42-900 0.8952036598731065 -0.4455246701201384 0.010870863081525002 0.6438477585979572 0.4454927470209573 0.8952696597531737 0.005333730135455701 -4.6155550539559504 -0.012108662251328964 6.811591864185682e-05 0.9999266851418182 0.07220348613630793
2022-12-17-16-38-43-000 0.8865716558942053 -0.4624602905239835 0.011008117617440812 0.71619591120584 0.46241788067247797 0.8866398653831992 0.006281142223854453 -4.786240885262085 -0.012665014780116333 -0.00047833224345930934 0.9999196810738771 0.07785871800432598
2022-12-17-16-38-43-100 0.8776049627532054 -0.4792479809896098 0.011441244177428023 0.7914795452179677 0.47919593178913017 0.8776792175438147 0.007102819751637913 -4.956888813172793 -0.013445754262678352 -0.0007508721991493412 0.9999093198301776 0.08241230001958301
2022-12-17-16-38-43-200 0.8681006019991964 -0.4962482449975787 0.011790850073511593 0.8717473888030649 0.4961837616979407 0.8681798867617438 0.008084482027136523 -5.127105003888546 -0.01424848889932696 -0.0011677153715174801 0.9998978032803636 0.08749169785783371
2022-12-17-16-38-43-300 0.8578809852348892 -0.5137044750732923 0.012162543405437801 0.9587766299834091 0.5136243976488658 0.8579655842462248 0.009221409267234292 -5.2966354456304865 -0.015172122865827092 -0.0016638926369329224 0.999883512289825 0.09393952860579642
2022-12-17-16-38-43-400 0.847271788273499 -0.5310258783445659 0.011917773458545694 1.0494080215679518 0.5309313796240375 0.8473522021176885 0.010301247342925854 -5.465857147288984 -0.015568780502760261 -0.0024004363532960206 0.9998759177912879 0.10087207901032139
2022-12-17-16-38-43-500 0.836786994335626 -0.5474323842851465 0.010262102446827055 1.1381249282918995 0.547318074045399 0.8368380269076693 0.01204336101402291 -5.6354612871615934 -0.015180643398240455 -0.004461093717769131 0.9998748155188512 0.11304334633725643
2022-12-17-16-38-43-600 0.8259990339282816 -0.5635972076177116 0.009153333549242993 1.2299426645633045 0.5634580002476955 0.8260241894322629 0.0141110038495136 -5.805603784874483 -0.01551379729188522 -0.006498156530199905 0.9998585380219018 0.12749019021568603
2022-12-17-16-38-43-700 0.8150165971131889 -0.5793540394541077 0.009840904340905444 1.3261915469793926 0.5791960058805178 0.815049658860378 0.015034638793037092 -5.977784037517558 -0.016731204442412054 -0.006553667659422353 0.9998385450852133 0.13499438760886107
2022-12-17-16-38-43-800 0.8046327529459232 -0.5936474072677055 0.012201997008512377 1.4189937026571482 0.5934812502292247 0.8047117367566232 0.014799538928467875 -6.153983895887446 -0.018604798118261556 -0.0046665373104382854 0.9998160255349525 0.1335579320982633
2022-12-17-16-38-43-900 0.794498459819975 -0.6070798225659624 0.01504281811920516 1.5103720200835278 0.6069197490944567 0.7946381677275379 0.014092570728692917 -6.333199493510289 -0.02050891276517697 -0.002066742340269042 0.9997875339657368 0.127574896991136
2022-12-17-16-38-44-000 0.7840764044362032 -0.620449211411857 0.016339157407892727 1.6049417182287007 0.6203045817462502 0.7842465412907876 0.013401057348093518 -6.5136445218564285 -0.021128603148455317 -0.0003721986591474968 0.9997766968664318 0.12283504040416278
2022-12-17-16-38-44-100 0.7739514791928728 -0.6330431816010842 0.015982430464128915 1.6961730219305833 0.6329061797074976 0.7741164797608492 0.01316979311649703 -6.696216057694482 -0.02070931054440937 -7.740185568442987e-05 0.9997855362355107 0.1224283068721648
2022-12-17-16-38-44-200 0.7643432702526872 -0.644632979266659 0.015089309501055267 1.7824804112758639 0.6444879728025739 0.7644918399347147 0.013692318505775803 -6.881992375710552 -0.020362174055252376 -0.0007407530127203452 0.9997923950264462 0.1277529075861492
2022-12-17-16-38-44-300 0.7542013255020802 -0.6564725308130012 0.014972538157528532 1.8759557070931552 0.656311781117138 0.7543490304938596 0.014573474528195768 -7.068132034551736 -0.02086160534942745 -0.0011646806203241909 0.999781694642034 0.13412907115010475
2022-12-17-16-38-44-400 0.7430790031213196 -0.6690170120239461 0.015806098278105023 1.981453529316184 0.6688552387509452 0.743247001795705 0.014716110801145947 -7.253002921101852 -0.021593163632085792 -0.00036324130641557676 0.9997667744729825 0.13272797646568804
2022-12-17-16-38-44-500 0.7313799421404217 -0.6817573784132137 0.017036936749761828 2.0937112867785697 0.6816017982668755 0.7315777445164166 0.014594256666047387 -7.4375290217682 -0.02241358592539365 0.0009384601296004815 0.9997483435637943 0.12815887694299932
2022-12-17-16-38-44-600 0.7193311739815552 -0.6944552208305251 0.017164160321563215 2.209422902909094 0.6943046560226004 0.7195344381217831 0.014533994017764744 -7.621946362339529 -0.022443412477964532 0.0014624014485400826 0.9997470453161373 0.12604191180387211
2022-12-17-16-38-44-700 0.7068542127324926 -0.7071930495034395 0.015333384373780129 2.328398653537442 0.7070677098586975 0.7070191550967948 0.013385365194538633 -7.805388578252838 -0.02030703369536739 0.0013802391968293331 0.999792838203122 0.1181474012019092
2022-12-17-16-38-44-800 0.6931321759874507 -0.7206574129153017 0.014855296063225122 2.461270182514807 0.7205309765790516 0.6932901222465361 0.01356164390555563 -7.985359469408275 -0.020072329235538117 0.0013036892295818093 0.9997976805301424 0.11834292184197306
2022-12-17-16-38-44-900 0.6781938049425761 -0.7346950927893333 0.016621779952349904 2.6098306536026725 0.7345149679696962 0.6783964924694367 0.01630830566435664 -8.16169664467648 -0.023257789361584274 0.001148754298623026 0.9997288410351945 0.13670130088948113
2022-12-17-16-38-45-000 0.6627325182791418 -0.7486254264524537 0.018589784406198497 2.7648781037827086 0.7483685803454738 0.6629925757421535 0.019629377536867783 -8.33598676951502 -0.02701994017549072 0.0009029837577347893 0.9996344869267195 0.16003496458246472
2022-12-17-16-38-45-100 0.6465387044327442 -0.7626051898968551 0.020518967147742033 2.926800459187972 0.7622861644582365 0.646862806462468 0.022097807381052097 -8.506890572098898 -0.030124859269030958 0.001354237010747077 0.9995452260383918 0.17463813860820554
2022-12-17-16-38-45-200 0.6292017424875127 -0.7769771728396133 0.020288916600931822 3.100019835521903 0.7766050450471075 0.6295284625742744 0.024052418095712055 -8.671605601412946 -0.03146063028704499 0.0006226516139634512 0.9995047979109002 0.1893486676893113
2022-12-17-16-38-45-300 0.6109382268004765 -0.7914360049425336 0.019584001493352123 3.281559739731046 0.7910215676772786 0.6112520152926125 0.02560963236948739 -8.830418276820872 -0.032239145510859116 -0.000154535826161152 0.9994801716969718 0.2013597613217215
2022-12-17-16-38-45-400 0.591269865503753 -0.8062571775110188 0.01868983304204983 3.478348219359779 0.8058039869675934 0.5915644493093061 0.027045090136816528 -8.980521868900567 -0.03286153883044386 -0.0009306048266899711 0.9994594805395325 0.21296882190966743
2022-12-17-16-38-45-500 0.5703501008894835 -0.8211939466553263 0.018473342740431498 3.6884961219682992 0.820681896711384 0.5706474862963642 0.029028792497214833 -9.12205148773163 -0.0343800352757448 -0.0013958367706695695 0.9994078570904614 0.22799663530166528
2022-12-17-16-38-45-600 0.5489438062976127 -0.8356765439651392 0.017476023402649775 3.902957110856355 0.8351144220906508 0.5492172056677553 0.030730489984721183 -9.257805249017505 -0.03527888240417473 -0.0022748329572569548 0.9993749174315558 0.24403735641012422
2022-12-17-16-38-45-700 0.5272520817206313 -0.8495330278745943 0.017288055746217206 4.1189954351070135 0.8489457199823469 0.5275316065949492 0.031647568105725866 -9.388943766826646 -0.036005650180429755 -0.002009625232572109 0.9993495657483966 0.2497599394260486
2022-12-17-16-38-45-800 0.5043166471708356 -0.8633302107102457 0.01804623676475012 4.348362232605094 0.8627421986700143 0.5046391759258294 0.03186221516042552 -9.510584592266415 -0.03661445097767127 -0.0004993955370013911 0.9993293414003721 0.2444796796425968
2022-12-17-16-38-45-900 0.48009067525263444 -0.8769987165132127 0.019651838836287357 4.591385660221275 0.8764321747797914 0.4804883026429262 0.031585345242450116 -9.621656101271178 -0.0371427859245155 0.002059674124173828 0.9993078460595952 0.22969598180831732
2022-12-17-16-38-46-000 0.4558987375460937 -0.8897799105732119 0.02116723515731392 4.832793146377161 0.8892328712257621 0.45636811296609886 0.03151263555067032 -9.727828533323677 -0.03769936120765467 0.0044560305305483975 0.9992791911955565 0.21606883652360398
2022-12-17-16-38-46-100 0.4318350722371455 -0.9016981211055097 0.021423556677938365 5.071573131633426 0.9011649914134113 0.4323286646990991 0.031521166386420114 -9.829249153490455 -0.03768459415736773 0.0056942141062402375 0.9992734597140599 0.207677508967052
2022-12-17-16-38-46-200 0.40738745242845387 -0.9130411245141895 0.019783036918486967 5.313665282802337 0.9125337219331401 0.4078310137987864 0.03092039001540588 -9.922608917459403 -0.03629972367256886 0.005456109393897219 0.9993260533637539 0.20236717344866292
2022-12-17-16-38-46-300 0.3843125232539048 -0.9230535648274362 0.016613275702853012 5.540648066183905 0.9225687327660103 0.384653246303445 0.03014653264869985 -10.018855827947503 -0.03421721485940565 0.003741198682695386 0.9994074172426787 0.20526309443508398
2022-12-17-16-38-46-400 0.3635453294266218 -0.9314686901820278 0.014172955325787849 5.744191495862496 0.9310000190114085 0.36381345645149804 0.02964343950305634 -10.12501746657481 -0.03276824763160961 0.002418287698279577 0.9994600511434972 0.20920491399952126
2022-12-17-16-38-46-500 0.3440132398659487 -0.9388771710812129 0.012827642787050137 5.937679147751719 0.9384285252936614 0.3442463333916368 0.02909235056811794 -10.235159118610003 -0.03173001279699717 0.002029672129391109 0.9994944155516575 0.20692853073417555
2022-12-17-16-38-46-600 0.3253765506289423 -0.9455000465198203 0.01263971248996018 6.1240931130603755 0.9450768494623581 0.32561076664473443 0.02841438465516093 -10.347721764617539 -0.030981428487311686 0.0027001251907813628 0.9995163132299739 0.19653396895456188
2022-12-17-16-38-46-700 0.3080198349274464 -0.9512865915806316 0.013326738917421739 6.298718044218424 0.9508895607562773 0.30828055798360526 0.027787421867653518 -10.465815136937612 -0.030542176346857828 0.004113179818766785 0.999525015802894 0.18139941171292626
2022-12-17-16-38-46-750 0.29993200331212805 -0.9538608759104518 0.013792128063487376 6.380421741931751 0.9534646875732623 0.30021086885540316 0.02790203884854624 -10.528022184103014 -0.0307552099650663 0.0047815926666861085 0.9995155093501925 0.1780015795241837
2022-12-17-16-38-46-800 0.29212208668758566 -0.9562731730229187 0.01436332224694748 6.459475138516194 0.9558789390709037 0.29242238128094855 0.028010797322875324 -10.591538501127383 -0.030986130929405872 0.005547024667204288 0.9995044223050578 0.1739480213194093
2022-12-17-16-38-46-900 0.27627649596360254 -0.9609398491848521 0.016306563913562402 6.621967050925221 0.9605542809610047 0.2766462985378166 0.028324880102349705 -10.715917789642962 -0.03172965656228832 0.007837841151670263 0.9994657558618606 0.16094777287290318
2022-12-17-16-38-47-000 0.2597643172751678 -0.9654777036054899 0.019372746610530428 6.7936733625078265 0.9651314657475442 0.26023782105781235 0.028240579227046 -10.8339344513363 -0.03230717094644683 0.011361352549408107 0.9994134111435993 0.13430555942389502
2022-12-17-16-38-47-100 0.2431666506168258 -0.9697269768504576 0.02235107147916177 6.967621491561158 0.9694350091275423 0.24373988652824816 0.028046939103553114 -10.948694949737826 -0.032645721092913096 0.014847830941546446 0.9993566924830465 0.1058593930659988
2022-12-17-16-38-47-200 0.22646295769851674 -0.9737118471962962 0.024490149448636298 7.143133777482306 0.973459490783421 0.22711383807592106 0.028212131399572897 -11.060215082772027 -0.033032538414755445 0.017451165691752903 0.9993019104464259 0.08682890871313412
2022-12-17-16-38-47-300 0.20909187760807801 -0.9775748672811804 0.025059241379402006 7.326580220721802 0.9773218916553759 0.20977846392133737 0.028894915918935865 -11.164145323295593 -0.03350383275815955 0.01844925296554798 0.9992682914290466 0.08499671504864777
2022-12-17-16-38-47-400 0.1912948628752087 -0.981230386828682 0.024355767316796444 7.51469780048624 0.9809459724397709 0.19197945387507948 0.029814232239295132 -11.26193580028292 -0.03393043754135081 0.01818838238714609 0.9992586792990048 0.0951673521568073
2022-12-17-16-38-47-500 0.1729807632354984 -0.9846395047486898 0.023721324556592878 7.709137035105802 0.9843334933216623 0.17366141058597453 0.030484231964457657 -11.352892429781708 -0.034135457747593405 0.018076508555148134 0.9992537267195044 0.10112525221928595
2022-12-17-16-38-47-600 0.15424277870125658 -0.9877620263794945 0.02313751199221856 7.909344185191551 0.9874397668546275 0.15491925940490164 0.031027889059934713 -11.437746329220179 -0.03423261679442579 0.01806107162135379 0.9992506820809752 0.10495718268251163
2022-12-17-16-38-47-700 0.13513732802009182 -0.9905636284685935 0.022838575496822392 8.114480168096161 0.9902370281363485 0.1358162278353953 0.03137802358748034 -11.516634006949019 -0.034183778072099956 0.018375260860677527 0.9992466257661414 0.1039466206644234
2022-12-17-16-38-47-800 0.11557639840564932 -0.9930212755307264 0.023470033551487104 8.325621802560974 0.9926854428325246 0.11630289758727316 0.03239209164593894 -11.58855540199896 -0.03489566907186695 0.01955459936008884 0.9991996346696156 0.1032933259691587
2022-12-17-16-38-47-900 0.09546455384497429 -0.9951218526028308 0.024880060922146553 8.544368337842954 0.9947992707071195 0.0962655953898634 0.033276810917185796 -11.651596668355571 -0.03550957560663056 0.02157391055290739 0.9991364453485281 0.0939870677267438
2022-12-17-16-38-48-000 0.07489292713150153 -0.9968353488949111 0.026652141738268808 8.768955582702816 0.9965656181435767 0.07576603640487606 0.03341371666854325 -11.705580422736096 -0.03532730105437261 0.02405815705859823 0.9990861759023382 0.07117464456811097
2022-12-17-16-38-48-100 0.05400960401664212 -0.9981684054800853 0.02725430195967499 8.997873669106745 0.9979405804351417 0.05490296622203512 0.03317020079521309 -11.750665714614815 -0.034605788457109286 0.025406664506890712 0.9990780454018073 0.053522270040113874
2022-12-17-16-38-48-200 0.03331833806579565 -0.9990806061867336 0.026978337422503038 9.224441109297159 0.9988558885519561 0.034213080652050525 0.03341225848964261 -11.791206487803185 -0.034304551499994305 0.02583423027390909 0.9990774696151137 0.049520203696089386
2022-12-17-16-38-48-300 0.012898013033269078 -0.9995787912087922 0.025997719618534566 9.448142703164194 0.9993092555090833 0.013792038469719426 0.03450784735000763 -11.828172622993653 -0.034851873890441955 0.02553467917206121 0.9990662275574652 0.062397271993909584
2022-12-17-16-38-48-400 -0.007803247705843254 -0.9996368881377431 0.02579149471300122 9.675925118730587 0.9993446754906642 -0.006884099405176491 0.03553630177492593 -11.85692556339456 -0.03534584690879833 0.026051891479682728 0.9990355199174004 0.0671386247209791
2022-12-17-16-38-48-500 -0.028833833792915677 -0.9992373512521121 0.026331082231188265 9.908792024234952 0.998959227688508 -0.027874433158130107 0.03610370330163866 -11.876694342654476 -0.035342204865887066 0.027344685750178614 0.9990010994570734 0.05844396395902858
2022-12-17-16-38-48-600 -0.049469839218228555 -0.9984305928375272 0.026250453211831795 10.137497642838685 0.9981719318412504 -0.04850918837733341 0.03605070217456015 -11.892805605553276 -0.03472073576451208 0.027985888034442227 0.9990051354116726 0.04795814134556835
2022-12-17-16-38-48-700 -0.07006995135142553 -0.9971960491251819 0.026272448053744304 10.365467743720123 0.9969539218646708 -0.06910006805319456 0.03616708826675641 -11.901299487281765 -0.03425024957953346 0.02872664623954056 0.9990003504501725 0.03776964116569326
2022-12-17-16-38-48-800 -0.09092822543054252 -0.9955311126634505 0.02549238198216695 10.597053979029754 0.9952469265270851 -0.08994648434469457 0.03732539607854493 -11.898985059551652 -0.03486564295180987 0.02876514684652032 0.9989779543455676 0.04847718635321478
2022-12-17-16-38-48-900 -0.11195687936711628 -0.9933983326698346 0.025008194880266513 10.830713519940044 0.9930683976207726 -0.11094244542003413 0.03881921497317941 -11.887015124725853 -0.03578847313435076 0.029180926185012678 0.9989332604021635 0.05997836880289907
2022-12-17-16-38-49-000 -0.13286783258569765 -0.9908279615889152 0.024618887008434148 11.063633384064714 0.990464710457703 -0.1318246546590316 0.04002396484564879 -11.868712850687931 -0.03641148722474405 0.029702036253127145 0.9988953862344646 0.06702894072546148
2022-12-17-16-38-49-050 -0.14301626328886952 -0.9894150246723047 0.024581647373426246 11.176795875681378 0.9890385764713596 -0.14195193991180388 0.040648997611033896 -11.860425297296658 -0.03672931644333981 0.030125665270302686 0.9988710635540639 0.06917120429270011
2022-12-17-16-38-49-100 -0.15287807971031428 -0.9879369103525748 0.024676991451463348 11.286702008472476 0.9875479984668266 -0.15178490217221074 0.04135570331571309 -11.853817794912967 -0.037111231025818474 0.03069209402405131 0.9988397028032912 0.07082427512095567
2022-12-17-16-38-49-150 -0.1625427392859829 -0.9863886662722128 0.02484465647044015 11.39453645714652 0.9859796989652031 -0.1614093954437389 0.042320683961562584 -11.84796152856051 -0.03773448202767243 0.0313752468071872 0.9987951255156841 0.07476247224333757
2022-12-17-16-38-49-200 -0.17212959653791754 -0.9847482935646459 0.02534167155520172 11.501530377159895 0.9843323221490695 -0.17094471059309543 0.043217883947082626 -11.841584844492848 -0.03822671275841528 0.0323837033361046 0.9987442186015018 0.07414934683044291
2022-12-17-16-38-49-250 -0.18173148336722833 -0.9830020960567264 0.02608729769886665 11.608993223905841 0.9825958291795774 -0.18049096558987818 0.04391409590703936 -11.83364531154888 -0.03845912677175675 0.033613843703389344 0.9986946505711534 0.0678608833407382
2022-12-17-16-38-49-300 -0.19131011373607373 -0.9811651698149935 0.026746026325530952 11.716474966908761 0.9807770557916431 -0.19002556476687912 0.04434694541572151 -11.82426181413555 -0.0384292494718138 0.03471590812500915 0.9986580989047698 0.05913367118968955
2022-12-17-16-38-49-350 -0.2009571630659207 -0.9792258641992745 0.027072596766488082 11.824973073201587 0.9788471658496355 -0.1996427263137762 0.04473262498600945 -11.812219572454419 -0.03839849633297197 0.035489276030747044 0.9986320978048824 0.05327703539860281
2022-12-17-16-38-49-400 -0.21068062104546637 -0.9771706314959235 0.027408627432887515 11.934185772010654 0.9768047579544733 -0.20933794956317325 0.0450564946504869 -11.797523756229468 -0.038290217463467384 0.03626540796054234 0.9986083714009492 0.04614642535936852
2022-12-17-16-38-49-500 -0.230891985101077 -0.9725763716515337 0.028001652115934982 12.160722883068528 0.9722185658699835 -0.2294779863044725 0.046161823830489036 -11.75383597767013 -0.038470136389111204 0.03788212120225231 0.9985414330409234 0.03734631272060937
2022-12-17-16-38-49-600 -0.2517556071379865 -0.9674331002978807 0.026311798163836716 12.39510338277922 0.9670005116977459 -0.25035850759748457 0.04722952519195534 -11.693957516373898 -0.039104023461545824 0.03733382007765747 0.9985374611037524 0.05501975994330323
2022-12-17-16-38-49-700 -0.2723169779093917 -0.9619084712561802 0.0239907579683205 12.624870819707962 0.9613875465448091 -0.2709711451133426 0.048048141114059806 -11.630360661922156 -0.03971711080691363 0.03614874052525873 0.9985568685195594 0.07780733318289383
2022-12-17-16-38-49-800 -0.2933555269036817 -0.9557527502458026 0.021890985191343693 12.859678825641403 0.9551465567976523 -0.29204646448714383 0.049029762574877636 -11.552770779354224 -0.04046714559556568 0.03529225096453596 0.9985573930171482 0.09956339763729774
2022-12-17-16-38-49-900 -0.3153059623278913 -0.9487728482261264 0.020303511749594345 13.105258700953971 0.948091390705052 -0.3140043906991781 0.05023900369831174 -11.454774254321675 -0.04129001079490515 0.03509024209835994 0.9985308257224886 0.1167815250106515
2022-12-17-16-38-50-000 -0.3373639473787186 -0.9411658089425862 0.019811286846061392 13.352036018861485 0.9404386581918787 -0.3360159370675222 0.05165675381684679 -11.347154542644443 -0.04196066237928783 0.036058426394986506 0.9984683734092977 0.12182677788206578
2022-12-17-16-38-50-100 -0.35878778639253994 -0.9332222906571989 0.019169782368919502 13.59171891370226 0.932465355521695 -0.3574173824637005 0.05254688824846149 -11.239823862841064 -0.042186313981439065 0.03672833964838971 0.9984344465108022 0.12202454196980904
2022-12-17-16-38-50-200 -0.3798349738845917 -0.924848226299546 0.019523086965832624 13.826263401394678 0.9241150713261944 -0.37841403836206 0.053048567542397555 -11.130438850152125 -0.04167406341928362 0.03819128017101948 0.9984010709915249 0.10457067395488029
2022-12-17-16-38-50-300 -0.401240981474899 -0.9157584970794395 0.01980024777284778 14.06526950836749 0.9150475596205919 -0.39977092062681113 0.05358334306098532 -11.006758640606614 -0.04115383842922961 0.03961800156492339 0.9983670545117875 0.08769485870161084
2022-12-17-16-38-50-400 -0.4229111378594901 -0.9059456327962399 0.020215832701432734 14.306438268446563 0.9052808881034199 -0.4214018403368528 0.05373083467988606 -10.869155320007462 -0.040158225920413834 0.04102437541431394 0.9983507988241359 0.06263140309263118
2022-12-17-16-38-50-500 -0.44479440471289144 -0.8954116097865608 0.01989941193966425 14.548747580555382 0.8947617124395391 -0.4432725268304317 0.05395317330452125 -10.717048844360257 -0.039489435148760035 0.041803301506029795 0.9983451650079885 0.04746707655618875
2022-12-17-16-38-50-600 -0.466877944203859 -0.8841169868415055 0.01902994467347669 14.79211569393488 0.8834728276727112 -0.46537904380456757 0.05383408169116103 -10.549573626284621 -0.038739488638372344 0.04194638441920356 0.9983685456053759 0.0352189511003911
2022-12-17-16-38-50-700 -0.4888308286241536 -0.8722003866019871 0.017632543718014766 15.032903153563408 0.871535870483519 -0.48737064625352483 0.053805944197240746 -10.371929928903878 -0.03833598110337594 0.041669398624960864 0.9983957200284241 0.03182827571762005
2022-12-17-16-38-50-800 -0.5106848907590179 -0.8596212254902895 0.015883672025786846 15.270816594525577 0.8588843581826158 -0.5092356267469824 0.05474244898471587 -10.183442473081165 -0.03896923940348604 0.04159837903309183 0.9983741649512634 0.04519518007770561
2022-12-17-16-38-50-900 -0.5330198397304269 -0.8459897582622186 0.013826762787559992 15.512609255823973 0.8451695012704067 -0.5315935047098986 0.05564943730694091 -9.972766937716798 -0.039728636725695994 0.04134821236378037 0.998354626752557 0.06285144977247438
2022-12-17-16-38-51-000 -0.5555060810993011 -0.831441980319162 0.01082715219467704 15.754388624170879 0.83050257503785 -0.5541428102381764 0.056490872863118956 -9.74431003747277 -0.040969094659234866 0.04037300118007605 0.9983444065343963 0.0941574093144376
2022-12-17-16-38-51-100 -0.5772180900585232 -0.8165599758027619 0.007005885110624828 15.984653567797292 0.8154643407501108 -0.5759508359170088 0.05743294848330671 -9.51481871712128 -0.04286240163800731 0.038864386313070556 0.9983247838265513 0.14009461939015433
2022-12-17-16-38-51-200 -0.5987512723322133 -0.8009226287560343 0.004456077544188214 16.210432905160523 0.7997206530905687 -0.5975279425575356 0.05837152459335607 -9.27546848597157 -0.04408844407495262 0.03851364186210343 0.9982849836041646 0.16642466475728238
2022-12-17-16-38-51-300 -0.6210082895388686 -0.783795513248924 0.0036466059377081163 16.444127514109503 0.7826028359587428 -0.6197924290832472 0.05822496028698743 -9.008122591297099 -0.043376323879996036 0.039012027144764976 0.9982968277344739 0.15400748084972501
2022-12-17-16-38-51-400 -0.6431064090969457 -0.7657637201132954 0.004480126859632989 16.674501379402024 0.7646860011656498 -0.6418671761861712 0.057112588420405 -8.728546644206162 -0.04085910179776041 0.04015536194628604 0.9983576917654529 0.10486303392207647
2022-12-17-16-38-51-500 -0.6648628798189418 -0.7469484643733072 0.00503414433859365 16.897865145937104 0.7459486525670413 -0.6635912603041539 0.05663256114074469 -8.437293493141423 -0.0389609903914063 0.041408100877759736 0.9983823968847897 0.06454834578511759
2022-12-17-16-38-51-600 -0.6866156727061166 -0.7270047039818692 0.0048039965197632095 17.117284223168152 0.7260481566286279 -0.6853406783467079 0.05623369861075914 -8.125481619968339 -0.037589789178690866 0.04209887161800383 0.9984060760822686 0.03736988963619135
2022-12-17-16-38-51-700 -0.7080114645913125 -0.7061993280865879 0.0015083160532441363 17.3296537455182 0.70518075061419 -0.7068722863047254 0.05524201134587529 -7.798284809258736 -0.037945684477581995 0.040175612806553206 0.9984718549689549 0.0582199283494464
2022-12-17-16-38-51-800 -0.7287065315134917 -0.6848227906341747 -0.002129872671677344 17.52964000091312 0.6837272730196822 -0.7277098874459834 0.05436300067530285 -7.4656040416763005 -0.03877895123188903 0.038158421631080464 0.9985189671708692 0.08780161259168962
2022-12-17-16-38-51-900 -0.748963497350897 -0.6625961286008549 -0.004477722531852162 17.721983388057176 0.6614336237893662 -0.7480180346408069 0.054539721056968714 -7.122438372662971 -0.03948722523526091 0.03788654398680338 0.9985015617553912 0.10369175391113686
2022-12-17-16-38-52-000 -0.769033570155407 -0.6391793595868197 -0.006092146765458219 17.910263576835877 0.63797001272369 -0.7681017889390584 0.05489904092015552 -6.7604562595155 -0.03976972264630338 0.03833259848746101 0.9984733251588823 0.1075268006348573
2022-12-17-16-38-52-100 -0.7889565376352413 -0.6144227995816262 -0.005674951708081528 18.09274734145621 0.6132696898951593 -0.7879806480102872 0.05465149418984857 -6.377608405744809 -0.038050876185806895 0.03963737775843026 0.9984893635417093 0.07017253901607275
2022-12-17-16-38-52-200 -0.8085307271333978 -0.5884257236157797 -0.005764639484423988 18.26693426819105 0.5873376655614613 -0.8075613418523084 0.05365767194457978 -5.974423893869268 -0.0362288544388637 0.039998086616051386 0.9985427497974747 0.03687623701434525
2022-12-17-16-38-52-300 -0.8273992805184303 -0.5615784723219995 -0.006328508676868506 18.42803038562505 0.5605228861544139 -0.8264412898577344 0.052998948248153786 -5.55983849801789 -0.034993209265657986 0.04030401770014437 0.9985745147271265 0.01473808434751964
2022-12-17-16-38-52-400 -0.8458354417620193 -0.5333809600377631 -0.008194933095771984 18.57844256596485 0.5323039304821979 -0.8449320657231298 0.052367259867667215 -5.121902928405743 -0.034855861091836825 0.03993188928711668 0.9985942685422883 0.016210301322173565
2022-12-17-16-38-52-500 -0.8640285993456518 -0.5033405019336051 -0.010144881764588375 18.719153934941215 0.5022262815454379 -0.8631658439732496 0.05209115014079011 -4.6519089341233935 -0.03497630108850384 0.03991321724910359 0.998590803808543 0.021566966341766265
2022-12-17-16-38-52-600 -0.8818735221091041 -0.4713331982522368 -0.012004467010273929 18.848727397897918 0.4701889693317189 -0.8810496428516149 0.051709379708306066 -4.148320536370154 -0.03494887868958106 0.03995676483850359 0.9985900223925639 0.02441865649743135
2022-12-17-16-38-52-700 -0.8987933661933251 -0.4381513307347359 -0.01392466381108522 18.9612195257529 0.4369569668598084 -0.8979895836015083 0.0518007418466778 -3.628903165403836 -0.03520076703067581 0.04047368427225263 0.9985603571551808 0.030267159250876127
2022-12-17-16-38-52-800 -0.9144682176524457 -0.40431749479493084 -0.01659042815330936 19.053612504201684 0.4030807018574178 -0.9137545445600468 0.05077972120830437 -3.104354049836904 -0.035690708786610015 0.03974915972209519 0.9985720693108219 0.04555128314562705
2022-12-17-16-38-52-900 -0.9289992113390407 -0.36959956448504633 -0.0188845774086885 19.12669340312663 0.36834249203168606 -0.9283700534975946 0.049526279213773255 -2.5709974356163694 -0.035836767367159 0.03905388202647087 0.9985942721662961 0.054284710086662434
2022-12-17-16-38-53-000 -0.9424690878177722 -0.33364453219140583 -0.02081693173151368 19.181004443250632 0.33237426303568324 -0.9419029736925569 0.048436942725616 -2.0213339742353 -0.03576825099753775 0.038731308884366995 0.9986092919318749 0.057714411340220394
2022-12-17-16-38-53-100 -0.9547480091455938 -0.2966069513306645 -0.021921575099742935 19.21528393764142 0.29535423320716636 -0.9542143124655431 0.04733838624749975 -1.4590168355458606 -0.03495877513774733 0.03872160002168767 0.9986383337988927 0.04588691888556638
2022-12-17-16-38-53-200 -0.9656709552946913 -0.2587107916415466 -0.023416498210506717 19.227884755110086 0.25746355255140396 -0.9651878396996919 0.04609721470384506 -0.8878057080025767 -0.034527166229632776 0.03848584654189589 0.9986624627010392 0.04158944549228976
2022-12-17-16-38-53-300 -0.9751652088077402 -0.2200852038402839 -0.024805615927392517 19.216865253504757 0.21885305441834613 -0.97473643423115 0.04463434052501641 -0.3102968702961847 -0.03400229555069889 0.03809707118563518 0.9986953775122621 0.03565116433218811
2022-12-17-16-38-53-400 -0.9832960114598737 -0.18002954235394314 -0.026801450090137496 19.181490023360947 0.17880747506680975 -0.982961815660172 0.04259056015468937 0.28817702744619084 -0.034012361096173845 0.03708682830720127 0.9987330606617444 0.04144989799948822
2022-12-17-16-38-53-500 -0.989919830434625 -0.13874081391247323 -0.028455506799002637 19.119802079865774 0.137530059406017 -0.9896556159819285 0.04083190560342779 0.9022982373232629 -0.033826203926261754 0.03650682553077269 0.9987607519409262 0.04246358290378991
2022-12-17-16-38-53-600 -0.9948752255752894 -0.09655256943615506 -0.030014777556956945 19.030680825591155 0.09536470258218382 -0.9946871815484695 0.03876834229850162 1.5257245353236768 -0.03359849755463446 0.03570731295461223 0.9987973411877069 0.04331689008931232
2022-12-17-16-38-53-700 -0.9980124875743076 -0.05394993679764081 -0.032564996012173886 18.914874638553755 0.05276699231942906 -0.9979521860284033 0.03615354647462278 2.1493328417850748 -0.03444879050567163 0.03436333395731501 0.9988155195590597 0.06525507898415212
2022-12-17-16-38-53-800 -0.9993425834128223 -0.012176223880500823 -0.03414880012238202 18.775296309366315 0.010999047487708438 -0.9993458786872736 0.034450481928765556 2.7478711716874513 -0.03454593944517373 0.03405222933631497 0.9988228189949793 0.07017673547849157
2022-12-17-16-38-53-900 -0.9989525904843436 0.02886033651088901 -0.03550778704872522 18.614268324578777 -0.030047046583837157 -0.9989918271265156 0.033354225009954414 3.3242172738429567 -0.034509374903178035 0.03438619360883366 0.998812641456288 0.07141086765138427
2022-12-17-16-38-54-000 -0.996933713421352 0.06935690339789427 -0.036232457755012264 18.433374680336446 -0.07052931241267181 -0.996991533151801 0.032148077924148824 3.881969745632603 -0.033893762472014366 0.03460495303676287 0.9988261661023974 0.062496810239464615
2022-12-17-16-38-54-100 -0.993401790591112 0.10874318430585414 -0.03643902190503996 18.23635840986685 -0.10986885556860565 -0.993479355216506 0.03045661397201158 4.411711823208476 -0.03288946680044853 0.03425916848988467 0.9988716595979503 0.04786800423372909
2022-12-17-16-38-54-200 -0.9884572840487014 0.1467939312928018 -0.03746650966755307 18.02486998312165 -0.1478709374498255 -0.9886161051695104 0.027791769594197314 4.910486150030189 -0.03296033174551616 0.033011184999501585 0.9989113465148716 0.054780293492262155
2022-12-17-16-38-54-300 -0.9820943581094912 0.18433314568227602 -0.038883970635509614 17.795397799920334 -0.18536881526805774 -0.9823526464809864 0.02493351715900984 5.393780099766945 -0.033601697808638545 0.03169494209931212 0.998932608612662 0.07211292763098265
2022-12-17-16-38-54-400 -0.9741478304044915 0.22235788369690399 -0.03991210438020715 17.542973376977905 -0.22335236124607985 -0.9744798281602398 0.022422917619925795 5.8800281104464895 -0.033907628109661095 0.03075769930640862 0.9989515687406236 0.08260106639190537
2022-12-17-16-38-54-500 -0.9646754931116917 0.26020961621049893 -0.041135734116446304 17.27127357591527 -0.26118591789818923 -0.9650733850503966 0.020378364974884527 6.357087619369641 -0.034396355641179745 0.03040258375457664 0.9989457310683355 0.09561425910900073
2022-12-17-16-38-54-600 -0.9541484231240766 0.2962561486247274 -0.042814495814870984 16.99153594931685 -0.29723736324102634 -0.954622724234527 0.018585054978998077 6.795677055440812 -0.03536575382146312 0.030458968746391493 0.9989101634679397 0.1165078561686498
