2022-12-26-12-49-35-350 0.9997704552752116 -0.02142182343645464 -0.00037714646157597755 -0.01019377783636995 0.021421798477359935 0.9997705244888444 -7.009491104271719e-05 -0.2295140507794618 0.0003785614765070789 6.199966562934827e-05 0.9999999264236221 -0.009175926635374657
2022-12-26-12-49-35-450 0.9991144807043174 -0.04207334224193024 -0.0002971860286112256 -0.017558295469532675 0.04207344672556402 0.9991144575996914 0.00035453618346365456 -0.4587529068739636 0.00028200633559809484 -0.0003667258753745274 0.9999998929922739 -0.017724139698218105
2022-12-26-12-49-35-550 0.9979743961618027 -0.06361157439261339 -0.0008198833931860965 -0.01891736823728896 0.06361332465616516 0.9979719184832007 0.002322680595509429 -0.6892669762561079 0.0006704712333389169 -0.0023701312732512083 0.9999969664684351 -0.02524256497778081
2022-12-26-12-49-35-650 0.9963636242700012 -0.08515333470697015 -0.0029047925624160554 -0.01622526236522042 0.08516703933686354 0.9963542661445554 0.004975112675911795 -0.9215822244582238 0.0024705550269314065 -0.005204413879351803 0.9999834050793198 -0.03107115353739563
2022-12-26-12-49-35-750 0.9942746239255627 -0.10678382007891363 -0.003897176803156421 -0.009591154796119408 0.10680964975046228 0.994253679831366 0.007163718445856715 -1.1570084810895025 0.0031098131558733554 -0.0075389595530235476 0.9999667460225831 -0.03571415738529016
2022-12-26-12-49-35-850 0.9916565246125383 -0.12882091387942327 -0.004744400979309709 0.004739786881432892 0.12885684767326247 0.9916287673642293 0.008264414281076925 -1.396060004235317 0.003640055094628047 -0.008806808898222756 0.999954594027118 -0.041565574839219216
2022-12-26-12-49-35-950 0.9886429266473146 -0.15015437769472384 -0.006231087332304887 0.02340632872327604 0.15020404327645187 0.9886188108019336 0.008461224023543589 -1.640113895301882 0.004889680320675419 -0.009301063792975574 0.9999447890952184 -0.050005685201520204
2022-12-26-12-49-36-050 0.9852800027681058 -0.17070786130636234 -0.009063235266125694 0.043737999436704006 0.1707904291349356 0.9852636344546213 0.009284392127381384 -1.8909333379320565 0.007344757394625394 -0.010695639741418997 0.9999158253719839 -0.056662130019419506
2022-12-26-12-49-36-150 0.9814501701112839 -0.1911126187128471 -0.015216128195096044 0.0680068423637938 0.1912828928518969 0.9814772477291068 0.010642701363248843 -2.14907475830355 0.01290032909430685 -0.013355866082567459 0.9998275863119818 -0.06069669742849794
2022-12-26-12-49-36-250 0.9773334617685573 -0.2108616402198167 -0.01888579337217883 0.09838908146554713 0.21112119413585598 0.9773736669384485 0.012982933487501154 -2.4160945007067434 0.015720874471168995 -0.016675846578187856 0.9997373506310356 -0.06213464891980805
2022-12-26-12-49-36-350 0.9732925617547086 -0.2286501743956804 -0.020510655323073123 0.13413194023028965 0.22895490375646432 0.9733368269508588 0.013966866044382327 -2.6920799653752394 0.01677024981403361 -0.018289861947497953 0.9996920724258627 -0.06786010001643751
2022-12-26-12-49-36-450 0.9694233299379249 -0.24465741366105845 -0.019004139358225407 0.17311547206948374 0.24493241429239765 0.9694421383338374 0.013785965748321081 -2.976957908887222 0.01505057477182811 -0.018019166556706923 0.9997243569282681 -0.07861158809229
2022-12-26-12-49-36-550 0.9655557098155363 -0.25949846927909387 -0.019045096072818356 0.21423296463319358 0.25976618840742755 0.9655809177875306 0.01322945822273222 -3.269927830887085 0.014956557187152913 -0.01772105093941448 0.9997310967208682 -0.08927242385095227
2022-12-26-12-49-36-650 0.9620130272478861 -0.27223253841750095 -0.020503181024461116 0.2521034118344642 0.2724724979649553 0.9621122034162866 0.009942127045856036 -3.570870587522851 0.017019790189524597 -0.015151008686629632 0.9997403531305928 -0.1101327557489095
2022-12-26-12-49-36-750 0.9589472812522809 -0.28276557824770004 -0.02153461253662461 0.28694142643617876 0.28298219335040575 0.9590941092634473 0.007718019353944063 -3.880155782166276 0.018471329823602518 -0.013495085564682322 0.9997383120797908 -0.12670369929347547
2022-12-26-12-49-36-850 0.9562037516091544 -0.2919362061548784 -0.02115743236961687 0.32253012684398913 0.29210847672135903 0.9563693761425968 0.005500382181929708 -4.195853913475724 0.01862855968951522 -0.011439751418469282 0.9997610258713717 -0.14485120331036874
2022-12-26-12-49-36-950 0.9535027546327759 -0.30056122977574706 -0.022258572806866214 0.3586535463442992 0.3006815181980712 0.9537220892255278 0.002191149788886534 -4.514624431858406 0.020569917885372362 -0.008782008824007162 0.9997498461111177 -0.16978423371557963
2022-12-26-12-49-37-050 0.9506579604391862 -0.309405311718976 -0.022755116648563143 0.39727221464967444 0.30950261040302673 0.9508982585289159 0.0007975464795499261 -4.83586677785433 0.021391035676625522 -0.007800961912360051 0.9997407506878586 -0.18780400079666343
2022-12-26-12-49-37-150 0.9477425205048213 -0.31797539833381044 -0.025995401162951556 0.43780867782288363 0.31806104037779687 0.9480698275736364 -0.0008812708375392391 -5.160405788372451 0.0249256779438735 -0.007432906494109715 0.9996616740078055 -0.2077014809074598
2022-12-26-12-49-37-250 0.9453884323790946 -0.32471735835373694 -0.028272762644788146 0.4710943988341088 0.32475455699508754 0.9457922387862648 -0.003393930257014104 -5.489995666944061 0.0278422275459813 -0.005973126102452896 0.9995944838432442 -0.23430546379483969
2022-12-26-12-49-37-350 0.9433225526121801 -0.3305681935862455 -0.02944878813070527 0.5038598067480262 0.33053219941561746 0.943774200558189 -0.0062228217253531195 -5.822596863290175 0.029850073412223076 -0.0038636446365559055 0.9995469200429797 -0.26614116966423257
2022-12-26-12-49-37-450 0.9414831874844599 -0.3357611345365725 -0.029561262131633584 0.5372214267712381 0.33565137152321267 0.9419456561601552 -0.00874857906179395 -6.1568833270734205 0.030782535286874798 -0.0016856380773824387 0.9995246841101945 -0.29713723191756614
2022-12-26-12-49-37-550 0.940067367157874 -0.33990301830902375 -0.027189765524516497 0.566058852305116 0.3397635215281027 0.9404604888314843 -0.009737473269182575 -6.494042983822963 0.028880696731298814 -8.420962520247899e-05 0.9995828621305257 -0.31773666275775525
2022-12-26-12-49-37-650 0.938778848417678 -0.34354536874912056 -0.025900837334133578 0.5938300054458355 0.34338939149612 0.9391356908801065 -0.010386526034702796 -6.833313846165295 0.027892643680779112 0.0008565781785104093 0.9996105575184374 -0.33477837241904523
2022-12-26-12-49-37-750 0.937733136904724 -0.3463264817428232 -0.026730731274399316 0.615727588370293 0.34616207338550853 0.9381137249424351 -0.010698505693551397 -7.174611517265035 0.02878164172301521 0.0007791779431500806 0.9995854190520492 -0.34860753492501345
2022-12-26-12-49-37-850 0.9368967132951271 -0.34850044984658474 -0.02778461936964981 0.6331029654543308 0.34829711711918576 0.9373072961031654 -0.012006284947363785 -7.517820302990926 0.03022692215976466 0.0015713460793669678 0.9995418270629033 -0.371554901349344
2022-12-26-12-49-37-950 0.9360702246373038 -0.35054962991191485 -0.029790795828359338 0.6519668585276641 0.35030843462693795 0.9365423130408597 -0.013133792799505797 -7.8630394073287855 0.032504387037626176 0.0018581853232499212 0.9994698654639932 -0.394288530928679
2022-12-26-12-49-38-050 0.9356957132410707 -0.35158913324637714 -0.029302109230309622 0.6627986727519062 0.35139710124335444 0.9361542258422486 -0.011633687096880993 -8.213372360476692 0.03152157134489746 0.0005889149018925747 0.9995028983045455 -0.39678195605362465
2022-12-26-12-49-38-150 0.9354453706910419 -0.3522901307845221 -0.028872516421735096 0.6713456146551946 0.35212089872151664 0.9358908384789305 -0.010918385171620868 -8.56721508432672 0.030867962943000447 4.69364334413457e-05 0.9995234697898399 -0.40633941183587285
2022-12-26-12-49-38-250 0.93522586455423 -0.3529476371513398 -0.0279382837353945 0.6802067319574248 0.35279423127134835 0.9356430675633011 -0.010405791771616 -8.92375832747734 0.029812961115119115 -0.00012469972748845344 0.9995554871039058 -0.41925543579914304
2022-12-26-12-49-38-350 0.9350380169870418 -0.3535305840409545 -0.02683342946031956 0.6891744691087965 0.35342859356401063 0.9354218705463218 -0.0086112342312904 -9.28488218331625 0.028144911446046448 -0.0014318698552231116 0.9996028279813997 -0.41939427393928863
2022-12-26-12-49-38-450 0.9350828661544913 -0.35336611264961915 -0.027430345517293016 0.6903782467633348 0.35330244582405973 0.9354807093021941 -0.007295498488887375 -9.650163738581789 0.028238541021780836 -0.0028693125240440726 0.9995970947569827 -0.4210554255380308
2022-12-26-12-49-38-550 0.9353062974676293 -0.3526449776088402 -0.029045648291183952 0.6852009931089711 0.3525828743262622 0.935751311066367 -0.007402740668602999 -10.01922020777933 0.029790042786571522 -0.0033171681953112066 0.9995506739260087 -0.4350499296184402
2022-12-26-12-49-38-650 0.935634944185805 -0.35166358946558 -0.030331024753702005 0.6771992244917239 0.35166646015450226 0.9361096994435681 -0.005415848047572544 -10.39432728872601 0.030297723030412924 -0.005599147422283615 0.9995252360632599 -0.426770767652743
2022-12-26-12-49-38-750 0.9361323478771254 -0.35021999505429957 -0.03165726334077156 0.6640098866203334 0.3502200097362391 0.936649965994094 -0.005725904610736905 -10.773419036853827 0.031657100916053435 -0.005726802548458098 0.9994823818828232 -0.4431914166646342
2022-12-26-12-49-38-850 0.9366174004951222 -0.3489011719274501 -0.0318718891409337 0.6523711549444466 0.34890688187090707 0.9371408874634103 -0.005562807511750636 -11.157444106813289 0.03180932053472666 -0.005910099148387782 0.9994764818919829 -0.45625903461511585
2022-12-26-12-49-38-950 0.937112367246807 -0.34743043652902533 -0.03335420402792207 0.6388931507091651 0.34743737716184026 0.937685410673458 -0.00577404200270686 -11.545256860914938 0.03328182843514581 -0.006177570995043007 0.9994269145428365 -0.4750465891942162
2022-12-26-12-49-39-050 0.9377023784736059 -0.34599185445809366 -0.031684160926108276 0.6244412701424877 0.3459388753699995 0.9382285459220322 -0.007313694331124387 -11.937313594433155 0.03225746289902761 -0.004102714428095694 0.9994711720813357 -0.5136609007928837
2022-12-26-12-49-39-150 0.9383593150667773 -0.3442167170659625 -0.031569724733351845 0.6055175370329231 0.3441129352130401 0.9388866974282728 -0.008834999224508209 -12.33348308950512 0.03268154902195692 -0.002573146820936373 0.9994625031830674 -0.5520891590204843
2022-12-26-12-49-39-250 0.9391356619177371 -0.3420436031986311 -0.03209956425298291 0.5793721157910338 0.34193558309893735 0.9396806092577142 -0.008967139780373133 -12.73530912482424 0.03323049089501474 -0.002554622466915922 0.9994444498714913 -0.5709713872734506
2022-12-26-12-49-39-350 0.9397624783017 -0.34036901840535655 -0.03155020896952459 0.5588106965173889 0.34026686819419844 0.940288500318691 -0.008717486893525599 -13.141412279909208 0.03263346113360646 -0.002543123709310441 0.9994641513012062 -0.5863555846193094
2022-12-26-12-49-39-450 0.9403501733213427 -0.33869107118778397 -0.032092208278523764 0.53889141135196 0.3386000440894277 0.9408929412236477 -0.008395433172314754 -13.552847542280682 0.03303879049175886 -0.002971776099341305 0.9994496519933642 -0.5984685696044789
2022-12-26-12-49-39-550 0.9413201685804292 -0.33611377174067253 -0.030722510801874582 0.5033737211349409 0.33598195371847167 0.9418203961734302 -0.009511473452699929 -13.96990966391782 0.03213202451186226 -0.0013688674084069098 0.9994826957995756 -0.6325208914202823
2022-12-26-12-49-39-650 0.9421364288717565 -0.3337876647126591 -0.0310603328772084 0.471494228455061 0.3335737610422011 0.9426478296317801 -0.011983957387062257 -14.39058051859349 0.03327905252458465 0.0009296107593250227 0.9994456666006921 -0.6876697628934356
2022-12-26-12-49-39-750 0.9427656254327019 -0.33227508686790014 -0.028040009796999988 0.4511270531511926 0.3320556581578844 0.943179785107431 -0.012285473130274133 -14.817825307888427 0.030528927066319798 0.0022714778515032018 0.9995313026616772 -0.7132071672412532
2022-12-26-12-49-39-850 0.9434193222845427 -0.33061028060941633 -0.025628591368564404 0.42922082497236125 0.33040750453698525 0.9437633284989885 -0.011902131160117768 -15.250099587375084 0.0281222916174334 0.0027608215939345614 0.9996006775599496 -0.7286402808415964
2022-12-26-12-49-39-950 0.9441721208532361 -0.32850143590534264 -0.02501625095074018 0.3976862994905965 0.3283166588024663 0.9445003180414668 -0.011283650666027602 -15.687132084457064 0.02733455242522359 0.0024404564523992853 0.9996233622800221 -0.7402581306509615
2022-12-26-12-49-40-050 0.9446412743433171 -0.32727095955277363 -0.023379089812068682 0.37914957237582975 0.32709897420110345 0.9449267033271412 -0.010944698071965308 -16.1067900748148 0.0256734081029347 0.0026915372387210294 0.9996667603475033 -0.7568570189610876
2022-12-26-12-49-40-150 0.9451279265909667 -0.3257181521236799 -0.02531576099974133 0.35547524014332077 0.3255830775118702 0.9454666951492843 -0.009401489317664602 -16.554562702159522 0.02699744461537481 0.0006432267298207182 0.9996352956171635 -0.7511936264386967
2022-12-26-12-49-40-250 0.9456534203236568 -0.3242643682537163 -0.024335737325741492 0.330476981316801 0.32418497353880754 0.9459659351358373 -0.007249309913617639 -17.008079863625877 0.025371471415979775 -0.0010339456461941567 0.9996775577127801 -0.7328387009428442
2022-12-26-12-49-40-350 0.9460267696144739 -0.32319637897037673 -0.02403022665809855 0.3138564098109891 0.32312638059105847 0.946331044596592 -0.006848079938568653 -17.46409490718625 0.024953824134296344 -0.001286333222468366 0.9996877772624387 -0.7435462987981754
2022-12-26-12-49-40-450 0.9464476622082514 -0.3222400823858531 -0.01995374662799733 0.298222023216619 0.32220086667612247 0.946656835338601 -0.005238093151213765 -17.925598044730837 0.020577274204600125 -0.001471533439581165 0.9997871825421872 -0.7351503671405372
2022-12-26-12-49-40-550 0.946836820606421 -0.321201856913807 -0.018149442389401034 0.28173478812419794 0.32115370778038166 0.9470106003687818 -0.005587375776946344 -18.38910394534545 0.01898238980837568 -0.0005384276013253531 0.999819673227568 -0.7633157273280802
2022-12-26-12-49-40-650 0.9471440999796019 -0.32043008217620494 -0.01557614555596851 0.26774099693738124 0.3203608516861376 0.947271028000807 -0.006820866310567359 -18.85648971964673 0.016940442165500502 0.0014703560265061902 0.9998554192844046 -0.8088387271793047
2022-12-26-12-49-40-750 0.9473552910275886 -0.3196993999887311 -0.01761380733624719 0.25607970346091075 0.3196121392011007 0.9475176549424114 -0.007640291076229915 -19.3281052579228 0.019131989894658342 0.0016084835338432745 0.999815672883453 -0.8469322539704387
2022-12-26-12-49-40-850 0.9478882475191547 -0.31796019237120426 -0.020228353426129535 0.2200424792033794 0.31788487322504716 0.948104054948639 -0.006921586858801316 -19.804989049928682 0.021379372997386074 0.00013060327322415383 0.9997714265536016 -0.8530618418720264
2022-12-26-12-49-40-950 0.948094992049898 -0.317147131227777 -0.023099419990448553 0.20402970996339032 0.31708690197514744 0.9483754145295025 -0.006322160374231165 -20.284658553030937 0.023911977034682067 -0.001330514932449232 0.9997131824099885 -0.8608483632841007
2022-12-26-12-49-41-050 0.9482359633498317 -0.316803782524947 -0.021998208743046824 0.19761225529611878 0.3167441920991122 0.9484905102992078 -0.006234472217369762 -20.768055377516735 0.022840196616870412 -0.001056054086928618 0.9997385709115499 -0.8810399822172114
2022-12-26-12-49-41-150 0.9484992572492462 -0.31613110629781704 -0.02025543454351925 0.18392906925492675 0.3160469886935363 0.9487153624598983 -0.007311769302398234 -21.25332422133217 0.02152811964329918 0.0005335386603442813 0.9997681008119441 -0.9248750986331976
2022-12-26-12-49-41-250 0.9487251655539836 -0.31558811471993575 -0.01801949200402513 0.1720666638722086 0.3154991316936786 0.9488949587944648 -0.007658660129937187 -21.742790991081502 0.01951558723434423 0.0015808295188652404 0.9998083030426038 -0.952308950322477
2022-12-26-12-49-41-350 0.9488633215087154 -0.3151032104805024 -0.019192806994498688 0.16249009054628497 0.3149987037027606 0.9490556023420095 -0.008323480571594079 -22.235006992428364 0.020837796453279267 0.0018521360979916566 0.9997811539686303 -0.9870753111811147
2022-12-26-12-49-41-450 0.9490586775007692 -0.314405823893137 -0.02089508465091177 0.14591521469826507 0.31430086737925644 0.9492878726334621 -0.00821581619090103 -22.731683097313493 0.022418550915214955 0.0012299484189813815 0.9997479161277348 -1.0050624832485355
2022-12-26-12-49-41-550 0.9492977780897481 -0.3135691434342406 -0.0225415349917396 0.12588345971390585 0.31345883847587963 0.9495649695332735 -0.008362129909633972 -23.231168931787625 0.0240267579007142 0.0008723079673392702 0.9997109352125696 -1.0303176580678064
2022-12-26-12-49-41-650 0.9495686009063263 -0.31272592860200865 -0.022846569825983522 0.10577782372755726 0.31265068519396094 0.9498432127039729 -0.006886241931707367 -23.73588334429257 0.023854165685449114 -0.0006040365938315763 0.9997152664230172 -1.0179518902398323
2022-12-26-12-49-41-750 0.9499570059686924 -0.3115603753853787 -0.022623423717896565 0.07701016155113818 0.311547467796289 0.9502213840497679 -0.004182894244898778 -24.24508170332492 0.022800485098302018 -0.0030747006790254666 0.9997353070163205 -0.9739018956767784
2022-12-26-12-49-41-850 0.9503470796056595 -0.310462561045326 -0.021293813049134924 0.04898938866423078 0.3104740957745918 0.9505775806007488 -0.00284589391516409 -24.756829773550358 0.02112496480337649 -0.003906590380879645 0.9997692105749466 -0.9606874612713118
2022-12-26-12-49-41-950 0.9507646166591005 -0.30920232954534527 -0.020989595346392075 0.016815546294110084 0.30920322254251514 0.950990315457221 -0.0032843684170592476 -25.270574663917905 0.0209764362654247 -0.003367389241955208 0.9997742994352753 -0.9911239144886523
2022-12-26-12-49-42-050 0.9511746748976044 -0.30803810360843675 -0.019474715883791186 -0.014971563122197924 0.30801825791799237 0.9513716745261517 -0.004085302739230942 -25.787180861615962 0.019786121969742516 -0.0021127315551269224 0.9998020032700345 -1.0321096231990272
2022-12-26-12-49-42-150 0.9513959757425942 -0.3073762814011128 -0.019118550489532635 -0.03146047851718253 0.30734262318819267 0.951587081674542 -0.004747416342489954 -26.307417527763093 0.01965220884779918 -0.0013592726555892959 0.9998059527054487 -1.070302198586902
2022-12-26-12-49-42-250 0.951799695035463 -0.3060423804337655 -0.020381410864658635 -0.06740387277914181 0.30595238002063746 0.9520174849943008 -0.007473247275037719 -26.82789742094994 0.021690589897630525 0.0008772933150847361 0.9997643465668955 -1.166745422302798
2022-12-26-12-49-42-350 0.9521572684914266 -0.30493789145725325 -0.020234090356361464 -0.09898233166719164 0.3048270025189631 0.9523704245531253 -0.008430478741059568 -27.35343913300486 0.021841121634408173 0.0018592444981347968 0.9997597254418918 -1.2157151609898857
2022-12-26-12-49-42-450 0.9524073508703377 -0.3041470432317893 -0.02036698557728982 -0.12021857057684476 0.3040275780895004 0.9526225809507882 -0.008800569509516581 -27.882319013811465 0.022078717561900614 0.0021896017946617507 0.9997538376394476 -1.247869315485203
2022-12-26-12-49-42-550 0.9527734849839432 -0.30312675336417433 -0.01835368372962617 -0.15034439301076263 0.30302673920495105 0.9529478675226779 -0.008071995465512629 -28.415137802855458 0.019936941549964112 0.002129126317463476 0.999798972385328 -1.2491228493686029
2022-12-26-12-49-42-650 0.9531172404914953 -0.3020829470327261 -0.017703643407511366 -0.18058593981919482 0.30198583491190323 0.9532789490261648 -0.007987543810911608 -28.948937745015 0.019289411355399622 0.002266816179961072 0.999811372286777 -1.269283709092866
2022-12-26-12-49-42-750 0.953595116717958 -0.3004862738520012 -0.019088022375415726 -0.2287733603435828 0.3003695952986358 0.9537824914532083 -0.008778679709643264 -29.482685252254054 0.02084369429342947 0.002637844546391914 0.9997792667305876 -1.3145801395314658
2022-12-26-12-49-42-850 0.9541192793368984 -0.29881159369944593 -0.01918416712903154 -0.28182653642924016 0.2986791745776257 0.9543063037421248 -0.00949891107819691 -30.016037999239224 0.021145956380962606 0.0033331829893561656 0.9997708429534709 -1.359028728679574
2022-12-26-12-49-42-950 0.9544669297754013 -0.2976907185107635 -0.019316212818888543 -0.31648817111491906 0.2975619790213813 0.9546572574272881 -0.009294594250824642 -30.548804222625332 0.021207277194355965 0.003123612324506054 0.9997702208207883 -1.3753096756325562
2022-12-26-12-49-43-050 0.9547978993346852 -0.29665326338562376 -0.018915939012704917 -0.34894988006112726 0.2964916585576914 0.954973171431509 -0.010905881521234909 -31.075361827539133 0.021299479612939137 0.004804494635815046 0.9997615960815418 -1.4478422536915272
2022-12-26-12-49-43-150 0.9554221838505527 -0.2946176403327789 -0.019206681415233743 -0.4139942459355406 0.29438944533505274 0.9555851586875729 -0.013851316593234098 -31.594805834114865 0.022434461918238682 0.007579610860155379 0.9997195828919465 -1.5661318995755715
2022-12-26-12-49-43-250 0.9560545211414792 -0.292543024908802 -0.01945073731623632 -0.4818692397263836 0.2922632449573981 0.9562040428607474 -0.016000751974013176 -32.1112998431267 0.023279782041700874 0.009612855661561583 0.9996827720602774 -1.6598244066054564
2022-12-26-12-49-43-350 0.9565984994067943 -0.29090303775514625 -0.017167805844008482 -0.5371214492661472 0.29065036228957325 0.9566991282610141 -0.015784324044938132 -32.62790621611334 0.021016132698701364 0.010109431707260292 0.9997280237929446 -1.6758271307537618
2022-12-26-12-49-43-450 0.957148536276221 -0.28905238933125754 -0.017759384172270954 -0.5974075837798133 0.28878368946567506 0.9572566113513264 -0.01624071189228391 -33.13860549036884 0.02169470448933971 0.010416153131876648 0.9997103798356068 -1.7174235483801783
2022-12-26-12-49-43-550 0.9579826158310982 -0.2863387786433639 -0.016715609783469733 -0.6921708483919338 0.2861138004955059 0.958083956441759 -0.014629612945098463 -33.64845917108436 0.0202039830584079 0.009232348234993542 0.9997532509647784 -1.6877378390106759
2022-12-26-12-49-43-650 0.958733594961249 -0.2837657609260352 -0.017518185372569918 -0.7799800261910957 0.2835427727923074 0.9588549113937345 -0.014168799997308957 -34.15206126505524 0.02081801839583973 0.008616949702878844 0.9997461469232519 -1.6963305479872166
2022-12-26-12-49-43-750 0.9595562995041704 -0.2810061972817191 -0.016947718758892408 -0.8775592724505005 0.28082323162168704 0.9596793969150829 -0.012400311216057109 -34.6541572423313 0.01974894081755436 0.007139483592692172 0.9997794792406045 -1.6571663811795538
2022-12-26-12-49-43-850 0.9603851625439457 -0.2781022748742869 -0.01787356358383245 -0.9796163472076312 0.27791293121956606 0.9605265672210381 -0.012374018082943531 -35.148077770868994 0.020609275251387706 0.0069165289209873046 0.9997636817774974 -1.6789597368222133
2022-12-26-12-49-43-950 0.9613127428478908 -0.274827599256023 -0.018644064080452494 -1.0971353563431245 0.2746396759355331 0.9614718896764196 -0.012035520930987174 -35.63830720362396 0.02123343684593974 0.006449499920593697 0.9997537422337982 -1.6907559333357498
2022-12-26-12-49-44-050 0.9624094398015348 -0.27094001049499095 -0.018962618328443495 -1.240730178231931 0.2707426282850085 0.9625725655305015 -0.01234849453796329 -36.12272246826933 0.021598597413298684 0.006750318585265316 0.9997439341095177 -1.7275157393867624
2022-12-26-12-49-44-150 0.9632603734703661 -0.26796545316007225 -0.017999133713812863 -1.35223742055023 0.2677896488049185 0.963407569711898 -0.01159994029092881 -36.6077952997505 0.020448884924832465 0.006353781120859319 0.9997707099984471 -1.7236592773574702
2022-12-26-12-49-44-250 0.9641440758195585 -0.26484018540315785 -0.016907905182798104 -1.4706321559452955 0.2646903629116825 0.9642752214933596 -0.010597593859648724 -37.0898266263792 0.0191105427377481 0.005742247778810909 0.9998008870503743 -1.7088622372473106
2022-12-26-12-49-44-350 0.9651710813770804 -0.26106647096855035 -0.01700239422623754 -1.61549040263172 0.26090658365437885 0.9653006316699889 -0.011065491553507487 -37.56424981016199 0.019301250715895772 0.00624405585715519 0.9997942155700117 -1.7507914952113222
2022-12-26-12-49-44-450 0.96614060002656 -0.25743910056504354 -0.01724675275464964 -1.7569894904037848 0.25728737631413195 0.9662774318119014 -0.010541857539663987 -38.03794377262137 0.01937903428215361 0.00574754480258315 0.9997956885079238 -1.7539901190074019
2022-12-26-12-49-44-550 0.9669619440541668 -0.25441037723907517 -0.016123234912937316 -1.877096643298022 0.2542746882242436 0.9670802871687201 -0.010005053629533439 -38.50944696480621 0.01813785211787894 0.0055747755773264945 0.9998199538906055 -1.7537847170217045
2022-12-26-12-49-44-650 0.9677642287304861 -0.25142823909882456 -0.0147050390462443 -1.9962308061860814 0.2513143149976622 0.9678620840045509 -0.009170682832994647 -38.979017381454135 0.016538218372699972 0.005179471983884223 0.9998498189243348 -1.7413226745040833
2022-12-26-12-49-44-750 0.9685555448699393 -0.2483797844885806 -0.014409689764228864 -2.11882503937197 0.24828268212514493 0.9686528768831469 -0.008204502589875845 -39.44634960087525 0.01599582003022329 0.004368840053070044 0.9998625140378808 -1.7254167872192794
2022-12-26-12-49-44-850 0.9693035923297244 -0.24549214702517555 -0.013570248548229576 -2.237364120164813 0.24541589810918304 0.9693922486899174 -0.007050186888910147 -39.911999747939554 0.014885659271736655 0.003503416742987936 0.9998830647726614 -1.6998711758413827
2022-12-26-12-49-44-950 0.9700011319793654 -0.24265337888412686 -0.01473572783632924 -2.352688682118744 0.24259226651333685 0.9701108253314875 -0.0058291339479008076 -40.37598314516972 0.015709748141587834 0.002079492913384348 0.999874431877599 -1.674229591221217
2022-12-26-12-49-45-050 0.9707209431512315 -0.23988246112450143 -0.012540150415197513 -2.470639275242781 0.23983323923435598 0.9707995563075664 -0.005314022147880586 -40.83754179402635 0.0134487131704076 0.0021508876967543077 0.9999072485966767 -1.6677969474635401
2022-12-26-12-49-45-150 0.971315355823129 -0.23756385896239363 -0.010482960320645503 -2.5677479185884606 0.23751446217148325 0.971367000084361 -0.005747295581428462 -41.29649124402495 0.011548151435590475 0.0030925817701727707 0.9999285355146215 -1.7007567823188834
2022-12-26-12-49-45-250 0.9719237419999972 -0.235075965221062 -0.010174984624502713 -2.672620478309022 0.23503372782393725 0.9719734023938679 -0.005181874571223389 -41.756239046779065 0.011107948591268011 0.0026449223569899637 0.9999348068068333 -1.6966657040886357
2022-12-26-12-49-45-350 0.9724352485479869 -0.23291520335066668 -0.010963367618235088 -2.7650831752275495 0.23286545026390826 0.9724926511677465 -0.0056325392244842495 -42.21568748391173 0.011973698459635423 0.0029242901438885764 0.9999240366509607 -1.738340096248217
2022-12-26-12-49-45-450 0.9728909832053421 -0.23100172505658714 -0.011015344689274821 -2.8476421915003143 0.23093253134278952 0.9729430952348247 -0.007204123991885524 -42.67530854603233 0.01238146862670864 0.004465025840891128 0.999913377637726 -1.8260737884987222
2022-12-26-12-49-45-550 0.9734898921415623 -0.2284722138921364 -0.010857134863088586 -2.9583157136168228 0.22837913498403886 0.9735290817629771 -0.009170477941587263 -43.13305924095677 0.012664935931602884 0.0064478245138051464 0.999899007378689 -1.9315169769713605
2022-12-26-12-49-45-650 0.9740269551887291 -0.22627284115596838 -0.008490696142222209 -3.0580223031457856 0.22619682210736863 0.9740395235727826 -0.009055616303378013 -43.596052295542414 0.010319313654555034 0.006899845890486745 0.999922948977763 -1.9394307491725282
2022-12-26-12-49-45-750 0.9744366569065246 -0.22454069579549446 -0.007394430911939624 -3.1341377922162583 0.22446899683597799 0.9744357042063517 -0.009419544963601721 -44.05965698467167 0.009320468673085181 0.007518929414936724 0.9999282947112593 -1.9724687227972206
2022-12-26-12-49-45-850 0.9750896542413665 -0.22171451440036807 -0.006545249854745438 -3.2626414801133654 0.2216411386198933 0.9750731405721835 -0.010371895004094285 -44.518702978958146 0.008681696995940635 0.008662830883012595 0.9999247889208283 -2.034089875844367
2022-12-26-12-49-45-950 0.9756485035681284 -0.21923689550400247 -0.006721691382283271 -3.375573798587559 0.21915900000249747 0.9756303330665141 -0.010713819040279703 -44.97960562467312 0.008906750427449941 0.008979802352482009 0.9999200132743286 -2.0723041918167078
2022-12-26-12-49-46-050 0.9760166571127369 -0.2176091790540941 -0.006142493783594139 -3.449998500202752 0.21755475774926156 0.9760114331761616 -0.008462250887025256 -45.44919766293651 0.007836607629476727 0.006922969075337521 0.9999453285455375 -1.9889923465118344
2022-12-26-12-49-46-150 0.9764244244592925 -0.21578947598942144 -0.005499579215744995 -3.5339122734788706 0.21576043776694193 0.9764312643241589 -0.00542397870038617 -45.92134406686689 0.00654039860841487 0.00410951366168092 0.9999701670967528 -1.8673747483763907
2022-12-26-12-49-46-250 0.9768151792321393 -0.2140171889020257 -0.005361760546476141 -3.6163882868785797 0.21399983546753532 0.9768269472010176 -0.0036312039061952464 -46.39339901960077 0.006014652238571114 0.0023995992196963536 0.9999790327212034 -1.8029961352025317
2022-12-26-12-49-46-350 0.9770930214356716 -0.21276620893647563 -0.004446099021691453 -3.6753233766523072 0.21275334252558756 0.977100712870497 -0.0031956458120829963 -46.868188092036 0.005024211968128164 0.002176520793901832 0.9999850099133152 -1.7966621321211362
2022-12-26-12-49-46-450 0.977314104471518 -0.2117167139660695 -0.005759707322747322 -3.7226175609975427 0.21170620041359928 0.9773304448397769 -0.0023845955046718835 -47.34774742472075 0.006133996044274955 0.001111133067381993 0.9999805695491464 -1.7809221006900242
2022-12-26-12-49-46-550 0.9774742390967107 -0.21101037518901714 -0.004328217288482974 -3.7583923500144327 0.21100161284626545 0.9774827785989891 -0.002395186563576378 -47.83040991265629 0.004736167076954466 0.0014279723351074865 0.9999877647333638 -1.7952235687452278
2022-12-26-12-49-46-650 0.9775881683206429 -0.21049652082542644 -0.003547940230821079 -3.7823634258681333 0.2104811065950066 0.9775885902943741 -0.004272223402422367 -48.31260403384954 0.004367714051095949 0.0034297006647145065 0.9999845799947709 -1.904141436858998
2022-12-26-12-49-46-750 0.9777930263797084 -0.2095660065867902 -0.0016989545245392876 -3.8303951534656355 0.2095529574045653 0.9777797006987028 -0.005866425193890438 -48.79553941896003 0.0028906065473284915 0.00538012869925123 0.9999813491305567 -1.9968681394157084
2022-12-26-12-49-46-850 0.9777588224203799 -0.2097068349390723 -0.0032754479004307407 -3.8205526030082875 0.20968833012130614 0.9777542750692808 -0.005232761668879679 -49.28878832655894 0.004299929074984112 0.0044295556867296314 0.9999809446416309 -1.9937642525976524
2022-12-26-12-49-46-950 0.9775604679786336 -0.21061441011061371 -0.004135420069721799 -3.7743551634821793 0.21059755803662844 0.9775639830747481 -0.004162636669517076 -49.78933612994949 0.004919348981699652 0.0031983196825390824 0.999982785230228 -1.9638185573991456
2022-12-26-12-49-47-050 0.977420385406447 -0.21122056686831034 -0.00593820879914609 -3.74289620005581 0.21119461304992787 0.9774326862052924 -0.004709496384702949 -50.28828034844945 0.006798941873838483 0.003349040061861303 0.9999712787475747 -2.017439543141183
2022-12-26-12-49-47-150 0.9771877442412367 -0.21230276732274425 -0.005625610351637602 -3.6878547364358187 0.21227559952896694 0.9771967449137381 -0.005058811581007148 -50.79306026016376 0.006571327821785459 0.0037492288672755897 0.999971380057229 -2.0532142788158083
2022-12-26-12-49-47-250 0.9767292507289503 -0.21445593426296106 -0.002936499593669662 -3.5771242850326463 0.21443999174048803 0.9767245676275574 -0.004960739370344365 -51.30508577040712 0.0039320112922677525 0.004215596299645588 0.9999833838794701 -2.058036631294007
2022-12-26-12-49-47-350 0.9763310396133349 -0.21627936639276396 -0.0009678637761335766 -3.4821065051508 0.21627310051649468 0.9763227166154421 -0.004460831046529811 -51.81807287243483 0.0019097331035570538 0.004145924913455884 0.9999895820587756 -2.0487006115405744
2022-12-26-12-49-47-450 0.9759593388092099 -0.2179386926016132 -0.0024688576690002646 -3.3924066926553182 0.21792358151516972 0.9759515302866316 -0.0052842360643102155 -52.327084974675465 0.0035611249193747575 0.004619177229956257 0.9999829906508545 -2.1223004125673053
2022-12-26-12-49-47-550 0.975396901765637 -0.22043420112289688 -0.0031059622191111774 -3.259860823647195 0.22042677286359402 0.9754001563340916 -0.002563752790634426 -52.84682495078989 0.003594694832368923 0.0018160393002829229 0.9999918900522752 -2.0027305634212533
2022-12-26-12-49-47-650 0.9746852419502883 -0.22356677180271647 -0.0025646968671177196 -3.091139072654939 0.2235655292538091 0.9746886009719837 -0.0007650259742038603 -53.367936477981345 0.0026708151887261853 0.00017228171429238415 0.9999964185262058 -1.9242482372962073
2022-12-26-12-49-47-750 0.9740026020446387 -0.2265342686122888 -0.0010753392806961072 -2.929675835520944 0.22653437906961374 0.9740031697676033 -1.9550094612358476e-05 -53.88748675577037 0.0010518126343579347 -0.00022455947321899062 0.9999994216314453 -1.8975251657095304
2022-12-26-12-49-47-850 0.9734756314364783 -0.22879066334742093 -0.00016542187629670175 -2.8067913538981593 0.22879072305260273 0.973475355510796 0.0007329789877827726 -54.40532121398677 -6.664628997347406e-06 -0.0007513841736481441 0.9999997176886634 -1.8743446880452148
2022-12-26-12-49-47-950 0.9728973151186003 -0.2312332940663926 -0.0014063961832266776 -2.6688645853232074 0.23123444002620294 0.97289779772779 0.0007133878220129889 -54.92323935278154 0.0012033207333630876 -0.0010192603305581515 0.9999987565630224 -1.9010965755704468
2022-12-26-12-49-48-050 0.9722611967829288 -0.23387764698406774 -0.0030678121557078863 -2.517551326621798 0.2338734142933241 0.9722656074560608 -0.0016776903410550424 -55.43697283026301 0.003375102518464274 0.0009136735155593921 0.9999938869231635 -2.0609273173597105
2022-12-26-12-49-48-150 0.9716879245080879 -0.2362561204738528 -0.002371266287992971 -2.383006016118546 0.23624493751864828 0.9716843468689412 -0.0042260556893249715 -55.94917591044339 0.003302553856367163 0.0035462076255688116 0.999988258705822 -2.2233799261352845
2022-12-26-12-49-48-250 0.9713195634131352 -0.23777367851815373 -0.0014083802263589172 -2.2960631217708576 0.23776714849917338 0.97131500548225 -0.003734062076207921 -56.46498399581659 0.002255842522961997 0.0032921009951958533 0.9999920365910665 -2.2133101621294173
2022-12-26-12-49-48-350 0.9709495905725973 -0.23927962451152746 -0.0014676036686625184 -2.207584992511292 0.23927112547667542 0.9709425111296831 -0.004468623312692094 -56.97683838956619 0.002494209299738744 0.003987652794326971 0.9999889387114045 -2.278001454249817
2022-12-26-12-49-48-450 0.9704656988539898 -0.24122518663347253 -0.002595511796054457 -2.0916122428023707 0.24120216234714026 0.9704491402569674 -0.007069869417219222 -57.48393511436461 0.004224242760650848 0.006235022707182255 0.9999716397303174 -2.4550936523351474
2022-12-26-12-49-48-550 0.9700170453514855 -0.24297182365608516 -0.005623578648039663 -1.9833608191293728 0.24292383047933655 0.9700119098430926 -0.0080565096538459 -57.992330476782904 0.007412443107435585 0.0064488504240857135 0.9999517328428342 -2.5423738308145736
2022-12-26-12-49-48-650 0.9697215806860436 -0.2441237993372774 -0.006605039658749871 -1.9150125477316413 0.24409125053637845 0.9697374303596599 -0.005364473043194441 -58.50647989480577 0.007714749726846779 0.003589812888847562 0.9999637972847193 -2.4077824241269505
2022-12-26-12-49-48-750 0.9692524366601303 -0.24594534811716456 -0.007784585276471089 -1.8028129483021644 0.24591747846598372 0.9692809180329834 -0.00436986522324948 -59.01348519426143 0.008620197986841131 0.002321136933417743 0.9999601514610489 -2.371789461305185
2022-12-26-12-49-48-850 0.9688199869417318 -0.24769063906673655 -0.006097558604417102 -1.6989940803122543 0.24766695531998534 0.9688353051984331 -0.004385275770959978 -59.5153000566238 0.0069937218096687275 0.0027383790407161874 0.9999717941699545 -2.3910160587532387
2022-12-26-12-49-48-950 0.9683585939353488 -0.2495189656754526 -0.004681807322670561 -1.5882834137938109 0.2494958503911727 0.9683629037013779 -0.005010725757963394 -60.012754930292104 0.0057839596419620104 0.0036840878502397514 0.9999764863773407 -2.4470210528072713
2022-12-26-12-49-49-050 0.9678407299916342 -0.2515243134967442 -0.004454333760775519 -1.4643353389208813 0.25150701989008356 0.9678467908363877 -0.004099806545978488 -60.51142900376407 0.00534231366262746 0.0028476635505158576 0.9999816750806152 -2.4110915416871586
2022-12-26-12-49-49-150 0.9672418480868277 -0.2538270851989266 -0.003875323082642768 -1.3218286805190442 0.253811809575641 0.9672452121257448 -0.004032981497783686 -61.00519054261793 0.004772067635370232 0.002917265712920449 0.9999843583432912 -2.425042943770351
2022-12-26-12-49-49-250 0.966417715824094 -0.25693989464976896 -0.004323086710526925 -1.1241016914141835 0.25692843694786277 0.9664256686476695 -0.0030340181991963477 -61.49822766035953 0.004957502281309827 0.0018214050265103064 0.9999860527301669 -2.385717557111207
2022-12-26-12-49-49-350 0.9653318831376189 -0.26099595775488227 -0.003932611548354729 -0.8662850900020618 0.2609905736625227 0.9653396066316556 -0.001834210333535301 -61.989759595718816 0.00427502716784881 0.0007442471713451534 0.9999905850751106 -2.3317705467419243
2022-12-26-12-49-49-450 0.964169414517938 -0.2652501441651068 -0.004438595332595397 -0.5921722542916689 0.26524348080511123 0.9641793087906618 -0.002038722725072995 -62.47357767211116 0.004820373276521579 0.0007883656202951327 0.9999880711694132 -2.3627270145910026
2022-12-26-12-49-49-550 0.9630572823511809 -0.2692870629243091 -0.002269064114711614 -0.3348218760857478 0.2692846752082583 0.9630597389460994 -0.0013049594069116212 -62.95548631486034 0.0025366529798888098 0.000645726466842093 0.9999965742086266 -2.333391914014492
2022-12-26-12-49-49-650 0.9618917682531766 -0.27342470499837435 -0.001776756406746001 -0.06426063375306268 0.2734246693729993 0.9618933821092907 -0.00026764270278688523 -63.433137485162646 0.0017822303563237332 -0.0002283657204271409 0.9999983857507245 -2.286395160674989
2022-12-26-12-49-49-750 0.9606830442603081 -0.27764309746770904 -0.0015488380428617372 0.21345600256736894 0.2776443110109569 0.9606837363944994 0.0006286416745846472 -63.906713138793165 0.0013134054963573915 -0.0010339514689667725 0.9999986029542051 -2.2478181449518053
2022-12-26-12-49-49-850 0.9594519045880125 -0.28185274049738096 -0.0033279808520290553 0.495251941416279 0.28184561582019524 0.9594566303042291 -0.0024542632680286604 -64.36574917636422 0.003884794122000733 0.0014167707541925625 0.9999914505310831 -2.465915887179505
2022-12-26-12-49-49-950 0.9581871636465512 -0.28607815979113443 -0.0060535868289350704 0.7814348184586617 0.28605518767459176 0.9582030928577399 -0.004388899898114055 -64.82148431165345 0.007056134028728427 0.0024737276284470893 0.9999720454313654 -2.607188010512993
2022-12-26-12-49-50-050 0.9569119572468964 -0.29026657875183143 -0.00805104574701592 1.0653278193231315 0.29022936404462996 0.9569413962970826 -0.0054845509606313275 -65.27156811562986 0.00929636080213363 0.0029115825073074216 0.9999525490557737 -2.6940360340227296
2022-12-26-12-49-50-150 0.9552666592600292 -0.29569872083495574 -0.0052797919234137255 1.4300781369110556 0.295663859837977 0.9552699738684023 -0.0064929970869367064 -65.7123953391017 0.006963597625702305 0.00464149997660525 0.9999649817798992 -2.7816941969304083
2022-12-26-12-49-50-250 0.9534858806605406 -0.3014340674353905 -0.0014759303335428976 1.819551914443826 0.3014168280923169 0.9534660838290056 -0.007093851601652869 -66.14298016999842 0.0035455780571968724 0.006319017102055444 0.9999737491049974 -2.849689487497067
